12319 1000000
24786 2000000
36970 3000000
49440 4000000
61705 5000000
74213 6000000
86674 7000000
99023 8000000
111451 9000000
124217 10000000
136511 11000000
148859 12000000
161209 13000000
173554 14000000
186064 15000000
198402 16000000
210760 17000000
223085 18000000
235453 19000000
247885 20000000
260250 21000000
272706 22000000
285232 23000000
297588 24000000
310030 25000000
322452 26000000
334691 27000000
347017 28000000
359565 29000000
371869 30000000
384396 31000000
396793 32000000
409122 33000000
421472 34000000
433930 35000000
446307 36000000
458792 37000000
471117 38000000
483625 39000000
495828 40000000
508385 41000000
520872 42000000
533346 43000000
545790 44000000
558123 45000000
570614 46000000
583011 47000000
595333 48000000
607891 49000000
620339 50000000
632768 51000000
644961 52000000
657485 53000000
669964 54000000
682295 55000000
694565 56000000
707061 57000000
719639 58000000
732029 59000000
744289 60000000
756768 61000000
769090 62000000
781489 63000000
794123 64000000
806526 65000000
818968 66000000
831469 67000000
843891 68000000
856302 69000000
868535 70000000
880852 71000000
893117 72000000
905559 73000000
918061 74000000
930253 75000000
942739 76000000
955230 77000000
967694 78000000
980002 79000000
992377 80000000
1004758 81000000
1017223 82000000
1029784 83000000
1042121 84000000
1054444 85000000
1066714 86000000
1079191 87000000
1091562 88000000
1103986 89000000
1116418 90000000
1128861 91000000
1141213 92000000
1153307 93000000
1165841 94000000
1178482 95000000
1190902 96000000
1203317 97000000
1215749 98000000
1228093 99000000
1240473 100000000
1252805 101000000
1265202 102000000
1277440 103000000
1289699 104000000
1301996 105000000
1314137 106000000
1326732 107000000
1339177 108000000
1351564 109000000
1363893 110000000
1376473 111000000
1389051 112000000
1401477 113000000
1414067 114000000
1426437 115000000
1438868 116000000
1451229 117000000
1463536 118000000
1475808 119000000
1488221 120000000
1500676 121000000
1513112 122000000
1525614 123000000
1537875 124000000
1550323 125000000
1562800 126000000
1574992 127000000
1587437 128000000
1599866 129000000
1612433 130000000
1624866 131000000
1637401 132000000
1649751 133000000
1662246 134000000
1674616 135000000
1686967 136000000
1699176 137000000
1711638 138000000
1724016 139000000
1736285 140000000
1748757 141000000
1761089 142000000
1773333 143000000
1785571 144000000
1797988 145000000
1810509 146000000
1822887 147000000
1835277 148000000
1847880 149000000
1860256 150000000
1872787 151000000
1885143 152000000
1897461 153000000
1909913 154000000
1922547 155000000
1934919 156000000
1947241 157000000
1959815 158000000
1972277 159000000
1984791 160000000
1997261 161000000
2009773 162000000
2022105 163000000
2034411 164000000
2046763 165000000
2059099 166000000
2071508 167000000
2084084 168000000
2096485 169000000
2108963 170000000
2121372 171000000
2133657 172000000
2146238 173000000
2158444 174000000
2170853 175000000
2183137 176000000
2195693 177000000
2207684 178000000
2220209 179000000
2232622 180000000
2245022 181000000
2257417 182000000
2269883 183000000
2282214 184000000
2294725 185000000
2307047 186000000
2319581 187000000
2331998 188000000
2344557 189000000
2357029 190000000
2369450 191000000
2381783 192000000
2394113 193000000
2406535 194000000
2419031 195000000
2431358 196000000
2443827 197000000
2456304 198000000
2468636 199000000
2481002 200000000
2493466 201000000
2505768 202000000
2518298 203000000
2530822 204000000
2543280 205000000
2555638 206000000
2567992 207000000
2580547 208000000
2592812 209000000
2605263 210000000
2617693 211000000
2630128 212000000
2642628 213000000
2655188 214000000
2667497 215000000
2679816 216000000
2692239 217000000
2704743 218000000
2717191 219000000
2729496 220000000
2742110 221000000
2754442 222000000
2766862 223000000
2779327 224000000
2791726 225000000
2804034 226000000
2816369 227000000
2828705 228000000
2841143 229000000
2853482 230000000
2865705 231000000
2878087 232000000
2890450 233000000
2902779 234000000
2915387 235000000
2927674 236000000
2940127 237000000
2952509 238000000
2964854 239000000
2977284 240000000
2989848 241000000
3002154 242000000
3014621 243000000
3026766 244000000
3039166 245000000
3051607 246000000
3063994 247000000
3076397 248000000
3088596 249000000
3101060 250000000
3113433 251000000
3125980 252000000
3138394 253000000
3150843 254000000
3163466 255000000
3175808 256000000
3188264 257000000
3200540 258000000
3213006 259000000
3225287 260000000
3237778 261000000
3250299 262000000
3262723 263000000
3275222 264000000
3287743 265000000
3300250 266000000
3312673 267000000
3324882 268000000
3337392 269000000
3349667 270000000
3361924 271000000
3374438 272000000
3386936 273000000
3399367 274000000
3411908 275000000
3424273 276000000
3436610 277000000
3448765 278000000
3460999 279000000
3473388 280000000
3485873 281000000
3498277 282000000
3510656 283000000
3523016 284000000
3535494 285000000
3547885 286000000
3560307 287000000
3572745 288000000
3585167 289000000
3597631 290000000
3609934 291000000
3622337 292000000
3634881 293000000
3647295 294000000
3659643 295000000
3672011 296000000
3684520 297000000
3696845 298000000
3709078 299000000
3721547 300000000
3733885 301000000
3746204 302000000
3758617 303000000
3771111 304000000
3783456 305000000
3796048 306000000
3808483 307000000
3820838 308000000
3833314 309000000
3845700 310000000
3858176 311000000
3870309 312000000
3882753 313000000
3895373 314000000
3907717 315000000
3919952 316000000
3932406 317000000
3944886 318000000
3957363 319000000
3969697 320000000
3982165 321000000
3994740 322000000
4007041 323000000
4019408 324000000
4031866 325000000
4044456 326000000
4056879 327000000
4069198 328000000
4081603 329000000
4093966 330000000
4106448 331000000
4118937 332000000
4131419 333000000
4143958 334000000
4156391 335000000
4168883 336000000
4181402 337000000
4193660 338000000
4206211 339000000
4218512 340000000
4230796 341000000
4243133 342000000
4255470 343000000
4268005 344000000
4280362 345000000
4292711 346000000
4305055 347000000
4317532 348000000
4329924 349000000
4342311 350000000
4354693 351000000
4367127 352000000
4379377 353000000
4391928 354000000
4404441 355000000
4416590 356000000
4429040 357000000
4441402 358000000
4453724 359000000
4466283 360000000
4478898 361000000
4491288 362000000
4504023 363000000
4516298 364000000
4528621 365000000
4541129 366000000
4553726 367000000
4566332 368000000
4578779 369000000
4591291 370000000
4603891 371000000
4616351 372000000
4628656 373000000
4641258 374000000
4653718 375000000
4666024 376000000
4678472 377000000
4690963 378000000
4703272 379000000
4715542 380000000
4727947 381000000
4740432 382000000
4752822 383000000
4765105 384000000
4777431 385000000
4789934 386000000
4802297 387000000
4814853 388000000
4827470 389000000
4839951 390000000
4852372 391000000
4864908 392000000
4877236 393000000
4889761 394000000
4902176 395000000
4914643 396000000
4927036 397000000
4939346 398000000
4951882 399000000
4964275 400000000
4976553 401000000
4988877 402000000
5001293 403000000
5013749 404000000
5026214 405000000
5038686 406000000
5051088 407000000
5063557 408000000
5075987 409000000
5088617 410000000
5101098 411000000
5113611 412000000
5125998 413000000
5138267 414000000
5150836 415000000
5163357 416000000
5175761 417000000
5188119 418000000
5200358 419000000
5212809 420000000
5225180 421000000
5237491 422000000
5249935 423000000
5262461 424000000
5274964 425000000
5287464 426000000
5299741 427000000
5312002 428000000
5324257 429000000
5336604 430000000
5349044 431000000
5361612 432000000
5373895 433000000
5386312 434000000
5398781 435000000
5410983 436000000
5423298 437000000
5435871 438000000
5448341 439000000
5460786 440000000
5473094 441000000
5485448 442000000
5497903 443000000
5510216 444000000
5522487 445000000
5534874 446000000
5547277 447000000
5559701 448000000
5571980 449000000
5584329 450000000
5596761 451000000
5609166 452000000
5621744 453000000
5634006 454000000
5646367 455000000
5658738 456000000
5671087 457000000
5683465 458000000
5695921 459000000
5708348 460000000
5720680 461000000
5733324 462000000
5745770 463000000
5758087 464000000
5770393 465000000
5782706 466000000
5795043 467000000
5807508 468000000
5819856 469000000
5832253 470000000
5844839 471000000
5857179 472000000
5869627 473000000
5882091 474000000
5894610 475000000
5906993 476000000
5919462 477000000
5931975 478000000
5944500 479000000
5957124 480000000
5969759 481000000
5982286 482000000
5994659 483000000
6007167 484000000
6019551 485000000
6032006 486000000
6044508 487000000
6056884 488000000
6069411 489000000
6081667 490000000
6093965 491000000
6106429 492000000
6118764 493000000
6131141 494000000
6143378 495000000
6155781 496000000
6168136 497000000
6180617 498000000
6193107 499000000
6205651 500000000
6218057 501000000
6230497 502000000
6242845 503000000
6255398 504000000
6267755 505000000
6280444 506000000
6292859 507000000
6305449 508000000
6317970 509000000
6330419 510000000
6342607 511000000
6354923 512000000
6367399 513000000
6379864 514000000
6392288 515000000
6404661 516000000
6416958 517000000
6429366 518000000
6441696 519000000
6454126 520000000
6466509 521000000
6478920 522000000
6491308 523000000
6503512 524000000
6515903 525000000
6528310 526000000
6540865 527000000
6553379 528000000
6565774 529000000
6578026 530000000
6590553 531000000
6603026 532000000
6615477 533000000
6627909 534000000
6640454 535000000
6652877 536000000
6665640 537000000
6677983 538000000
6690385 539000000
6702823 540000000
6715199 541000000
6727709 542000000
6740107 543000000
6752428 544000000
6765047 545000000
6777447 546000000
6789827 547000000
6802278 548000000
6814653 549000000
6826990 550000000
6839365 551000000
6851784 552000000
6864154 553000000
6876682 554000000
6889248 555000000
6901630 556000000
6914015 557000000
6926576 558000000
6939078 559000000
6951515 560000000
6963864 561000000
6976343 562000000
6988936 563000000
7001481 564000000
7014071 565000000
7026418 566000000
7039073 567000000
7051602 568000000
7064045 569000000
7076457 570000000
7088753 571000000
7101222 572000000
7113753 573000000
7126144 574000000
7138533 575000000
7150777 576000000
7163225 577000000
7175720 578000000
7188135 579000000
7200432 580000000
7212806 581000000
7225185 582000000
7237748 583000000
7250337 584000000
7262723 585000000
7275170 586000000
7287633 587000000
7299950 588000000
7312512 589000000
7325118 590000000
7337361 591000000
7349668 592000000
7362028 593000000
7374491 594000000
7386905 595000000
7399416 596000000
7411789 597000000
7424141 598000000
7436417 599000000
7448950 600000000
7461351 601000000
7473510 602000000
7485882 603000000
7498357 604000000
7510727 605000000
7522992 606000000
7535281 607000000
7547657 608000000
7560070 609000000
7572338 610000000
7584796 611000000
7597190 612000000
7609882 613000000
7622340 614000000
7634749 615000000
7647159 616000000
7659644 617000000
7671983 618000000
7684143 619000000
7696524 620000000
7708907 621000000
7721219 622000000
7733627 623000000
7746069 624000000
7758357 625000000
7770919 626000000
7783283 627000000
7795840 628000000
7808253 629000000
7820652 630000000
7833251 631000000
7845640 632000000
7858000 633000000
7870413 634000000
7882778 635000000
7895006 636000000
7907555 637000000
7919981 638000000
7932491 639000000
7944747 640000000
7957100 641000000
7969518 642000000
7981907 643000000
7994387 644000000
8006700 645000000
8019053 646000000
8031505 647000000
8044007 648000000
8056238 649000000
8068695 650000000
8080974 651000000
8093354 652000000
8105866 653000000
8118243 654000000
8130645 655000000
8143015 656000000
8155390 657000000
8167754 658000000
8180174 659000000
8192639 660000000
8204881 661000000
8217224 662000000
8229586 663000000
8241974 664000000
8254453 665000000
8267030 666000000
8279478 667000000
8291839 668000000
8304285 669000000
8316665 670000000
8328794 671000000
8341201 672000000
8353553 673000000
8366019 674000000
8378532 675000000
8390834 676000000
8403276 677000000
8415607 678000000
8427959 679000000
8440237 680000000
8452564 681000000
8464816 682000000
8477201 683000000
8489572 684000000
8502090 685000000
8514456 686000000
8526867 687000000
8539357 688000000
8551918 689000000
8564248 690000000
8576680 691000000
8589124 692000000
8601440 693000000
8613878 694000000
8626327 695000000
8638841 696000000
8651269 697000000
8663701 698000000
8676094 699000000
8688375 700000000
8700856 701000000
8713372 702000000
8725847 703000000
8738086 704000000
8750512 705000000
8762830 706000000
8775106 707000000
8787577 708000000
8799906 709000000
8812177 710000000
8824546 711000000
8837176 712000000
8849678 713000000
8862075 714000000
8874527 715000000
8886936 716000000
8899575 717000000
8911780 718000000
8924221 719000000
8936580 720000000
8949134 721000000
8961437 722000000
8973818 723000000
8986388 724000000
8998784 725000000
9011138 726000000
9023451 727000000
9035711 728000000
9048048 729000000
9060356 730000000
9072737 731000000
9085047 732000000
9097561 733000000
9110010 734000000
9122301 735000000
9134802 736000000
9147237 737000000
9159528 738000000
9171863 739000000
9184075 740000000
9196603 741000000
9208961 742000000
9221365 743000000
9233660 744000000
9245993 745000000
9258593 746000000
9270901 747000000
9283315 748000000
9295758 749000000
9308100 750000000
9320527 751000000
9332853 752000000
9345343 753000000
9357763 754000000
9370039 755000000
9382421 756000000
9394853 757000000
9407237 758000000
9419649 759000000
9432076 760000000
9444484 761000000
9456908 762000000
9469247 763000000
9481841 764000000
9494181 765000000
9506734 766000000
9519150 767000000
9531551 768000000
9543829 769000000
9556265 770000000
9568622 771000000
9580999 772000000
9593510 773000000
9605546 774000000
9618155 775000000
9630535 776000000
9643051 777000000
9655528 778000000
9667821 779000000
9680377 780000000
9692633 781000000
9705071 782000000
9717440 783000000
9729822 784000000
9742325 785000000
9754752 786000000
9767201 787000000
9779499 788000000
9791867 789000000
9804421 790000000
9816801 791000000
9829112 792000000
9841635 793000000
9853898 794000000
9866454 795000000
9878883 796000000
9891299 797000000
9903590 798000000
9915886 799000000
9928260 800000000
9940730 801000000
9953194 802000000
9965712 803000000
9977940 804000000
9990340 805000000
10002649 806000000
10015159 807000000
10027518 808000000
10039815 809000000
10052282 810000000
10064693 811000000
10077236 812000000
10089777 813000000
10102127 814000000
10114495 815000000
10126898 816000000
10139386 817000000
10151732 818000000
10164213 819000000
10176622 820000000
10188873 821000000
10201280 822000000
10213590 823000000
10225919 824000000
10238268 825000000
10250571 826000000
10262984 827000000
10275498 828000000
10287922 829000000
10300417 830000000
10312841 831000000
10325151 832000000
10337339 833000000
10349566 834000000
10361706 835000000
10373983 836000000
10386393 837000000
10398629 838000000
10410959 839000000
10423459 840000000
10435909 841000000
10448197 842000000
10460446 843000000
10473091 844000000
10485577 845000000
10498006 846000000
10510339 847000000
10522710 848000000
10535028 849000000
10547584 850000000
10560129 851000000
10572679 852000000
10585122 853000000
10597625 854000000
10610203 855000000
10622443 856000000
10634960 857000000
10647696 858000000
10660044 859000000
10672386 860000000
10684784 861000000
10697064 862000000
10709355 863000000
10721718 864000000
10734136 865000000
10746343 866000000
10758851 867000000
10771328 868000000
10783822 869000000
10796232 870000000
10808487 871000000
10821035 872000000
10833323 873000000
10845719 874000000
10857924 875000000
10870447 876000000
10882764 877000000
10894974 878000000
10907338 879000000
10919744 880000000
10932039 881000000
10944355 882000000
10957014 883000000
10969513 884000000
10981941 885000000
10994395 886000000
11006731 887000000
11019124 888000000
11031559 889000000
11043952 890000000
11056384 891000000
11068713 892000000
11081292 893000000
11093547 894000000
11106054 895000000
11118200 896000000
11130485 897000000
11142851 898000000
11155375 899000000
11167869 900000000
11180116 901000000
11192434 902000000
11204880 903000000
11217291 904000000
11229730 905000000
11242266 906000000
11254619 907000000
11266930 908000000
11279399 909000000
11291707 910000000
11304023 911000000
11316389 912000000
11328973 913000000
11341252 914000000
11353677 915000000
11366148 916000000
11378801 917000000
11391074 918000000
11403635 919000000
11416175 920000000
11428524 921000000
11440996 922000000
11453567 923000000
11466042 924000000
11478554 925000000
11491048 926000000
11503466 927000000
11515614 928000000
11528104 929000000
11540406 930000000
11552985 931000000
11565560 932000000
11577923 933000000
11590290 934000000
11602852 935000000
11615455 936000000
11628018 937000000
11640278 938000000
11652681 939000000
11665094 940000000
11677453 941000000
11689948 942000000
11702412 943000000
11714975 944000000
11727191 945000000
11739534 946000000
11752000 947000000
11764438 948000000
11776877 949000000
11789174 950000000
11801691 951000000
11814207 952000000
11826451 953000000
11838877 954000000
11851350 955000000
11863891 956000000
11876122 957000000
11888540 958000000
11900999 959000000
11913468 960000000
11925850 961000000
11938455 962000000
11950622 963000000
11963326 964000000
11975610 965000000
11987846 966000000
12000111 967000000
12012562 968000000
12024813 969000000
12037274 970000000
12049652 971000000
12062105 972000000
12074391 973000000
12086899 974000000
12099317 975000000
12111682 976000000
12124160 977000000
12136416 978000000
12148881 979000000
12161224 980000000
12173640 981000000
12185995 982000000
12198403 983000000
12210774 984000000
12223238 985000000
12235370 986000000
12247743 987000000
12259997 988000000
12272358 989000000
12284946 990000000
12297501 991000000
12309917 992000000
12322110 993000000
12334516 994000000
12346957 995000000
12359218 996000000
12371617 997000000
12384121 998000000
12396394 999000000
12408609 1000000000
12421064 1001000000
12433587 1002000000
12446081 1003000000
12458490 1004000000
12470885 1005000000
12483257 1006000000
12495941 1007000000
12508333 1008000000
12520790 1009000000
12533158 1010000000
12545421 1011000000
12557739 1012000000
12570263 1013000000
12582665 1014000000
12594999 1015000000
12607469 1016000000
12619855 1017000000
12632310 1018000000
12644639 1019000000
12657246 1020000000
12669422 1021000000
12681666 1022000000
12694060 1023000000
12706549 1024000000
12718801 1025000000
12731304 1026000000
12743645 1027000000
12755938 1028000000
12768390 1029000000
12780868 1030000000
12793353 1031000000
12805874 1032000000
12818347 1033000000
12830812 1034000000
12843118 1035000000
12855568 1036000000
12867764 1037000000
12880023 1038000000
12892413 1039000000
12904891 1040000000
12917233 1041000000
12929685 1042000000
12942163 1043000000
12954570 1044000000
12966930 1045000000
12979282 1046000000
12991642 1047000000
13004075 1048000000
13016523 1049000000
13029017 1050000000
13041576 1051000000
13053938 1052000000
13066527 1053000000
13078868 1054000000
13091224 1055000000
13103622 1056000000
13116159 1057000000
13128558 1058000000
13140618 1059000000
13153082 1060000000
13165248 1061000000
13177628 1062000000
13190256 1063000000
13202620 1064000000
13215077 1065000000
13227592 1066000000
13239872 1067000000
13252286 1068000000
13264502 1069000000
13276787 1070000000
13289320 1071000000
13301683 1072000000
13314122 1073000000
13326531 1074000000
13338942 1075000000
13351382 1076000000
13363737 1077000000
13376158 1078000000
13388553 1079000000
13400830 1080000000
13413348 1081000000
13425806 1082000000
13438312 1083000000
13450640 1084000000
13463045 1085000000
13475298 1086000000
13487523 1087000000
13499896 1088000000
13512393 1089000000
13524891 1090000000
13537368 1091000000
13549885 1092000000
13562262 1093000000
13574554 1094000000
13586946 1095000000
13599325 1096000000
13611754 1097000000
13624163 1098000000
13636603 1099000000
13649061 1100000000
13661666 1101000000
13673979 1102000000
13686523 1103000000
13699088 1104000000
13711418 1105000000
13723942 1106000000
13736391 1107000000
13748832 1108000000
13761385 1109000000
13773848 1110000000
13786297 1111000000
13798521 1112000000
13810926 1113000000
13823189 1114000000
13835480 1115000000
13847812 1116000000
13860245 1117000000
13872633 1118000000
13884955 1119000000
13897496 1120000000
13910012 1121000000
13922513 1122000000
13934846 1123000000
13947169 1124000000
13959685 1125000000
13971993 1126000000
13984323 1127000000
13996528 1128000000
14008853 1129000000
14021299 1130000000
14033752 1131000000
14046106 1132000000
14058663 1133000000
14070917 1134000000
14083295 1135000000
14095708 1136000000
14108362 1137000000
14120715 1138000000
14133184 1139000000
14145564 1140000000
14158007 1141000000
14170477 1142000000
14182957 1143000000
14195121 1144000000
14207374 1145000000
14219732 1146000000
14232049 1147000000
14244277 1148000000
14256581 1149000000
14269082 1150000000
14281385 1151000000
14293791 1152000000
14306211 1153000000
14318462 1154000000
14330890 1155000000
14343191 1156000000
14355602 1157000000
14368012 1158000000
14380307 1159000000
14392858 1160000000
14405249 1161000000
14417430 1162000000
14430006 1163000000
14442621 1164000000
14454890 1165000000
14467506 1166000000
14479880 1167000000
14492292 1168000000
14504798 1169000000
14517317 1170000000
14529750 1171000000
14542142 1172000000
14554352 1173000000
14566735 1174000000
14579355 1175000000
14591493 1176000000
14603917 1177000000
14616365 1178000000
14628699 1179000000
14641152 1180000000
14653753 1181000000
14665927 1182000000
14678240 1183000000
14690566 1184000000
14702874 1185000000
14715181 1186000000
14727747 1187000000
14740058 1188000000
14752579 1189000000
14765107 1190000000
14777446 1191000000
14789883 1192000000
14802378 1193000000
14814755 1194000000
14827068 1195000000
14839311 1196000000
14851798 1197000000
14864269 1198000000
14876592 1199000000
14888839 1200000000
14901269 1201000000
14913724 1202000000
14926184 1203000000
14938645 1204000000
14951072 1205000000
14963344 1206000000
14975589 1207000000
14988008 1208000000
