7.59991038604642
2.283581871552631
11.916714582369153
33.23728471670522
1.0244688649064888
7.110241029457347
3.11089122317338
50.150490714253934
84.55469523889529
2.1952276899042285
9.669890264340367
7.0421418093931525
6.095725006130721
0.0638066570057793
85.609620799528
3.110891223173384
6.144161425960104
4.88453279064901
28.38333387548745
1.435508086745445
8.792763506875803
31.536289956542717
17.095276868589806
12.348238556809141
1.1742546050660703
6.358946838583077
12.641955515711667
6.994850809005371
4.115416468442429
2.7412622491040457
1.1174523940758354
1.6983694811514811
28.200897081728872
8.956791317286756
30.130217993519192
34.770255765503805
21.434979312170384
11.394580141003303
3.1415926515226915
73.00325341336101
2.3728148708712173
25.07565361778446
103.2552473783318
64.7502225122792
2.7371684150532984
12.620542284778926
13.449783977623056
1.2726196538676071
38.514117959055
18.31527971234257
